.test-tmp/release-env/bin/python -m ruff format --check src tests
107 files already formatted
.test-tmp/release-env/bin/python -m ruff check src tests
All checks passed!
.test-tmp/release-env/bin/python -m mypy src/siderea
Success: no issues found in 74 source files
.test-tmp/release-env/bin/python -m pytest -q --cov=siderea --cov-report=term-missing
...................................................... [ 13%]
..................................................... [ 26%]
..................................................................... [ 43%]
............................................ [ 54%]
........................................................................ [ 72%]
.................................................... [ 84%]
.............................................................    [100%]
================================ tests coverage ================================
______________ coverage: platform darwin, python 3.11.15-final-0 _______________

Name                                       Stmts   Miss Branch BrPart  Cover   Missing
--------------------------------------------------------------------------------------
src/siderea/__main__.py                        3      3      2      0     0%   3-6
src/siderea/anomaly.py                       138     29     34     11    76%   58, 64, 84, 113, 129-162, 173, 176, 201, 203, 207, 228-231
src/siderea/atomic.py                         72      6      8      4    88%   29, 36, 61-62, 92-93
src/siderea/bands.py                          18      2      8      2    85%   36, 44
src/siderea/campaigns.py                      40      8     20      7    75%   36, 44, 48, 56, 63, 125, 127->129, 131-132
src/siderea/cli.py                          1058    361    242     59    61%   590-593, 613-616, 648, 670->679, 693-696, 702-703, 705, 710-753, 759-765, 785, 789, 792, 795, 800, 804, 810, 815-822, 857, 890, 918-935, 1008, 1055, 1058-1061, 1065-1075, 1095-1102, 1104, 1106, 1121-1144, 1148-1168, 1172-1190, 1194-1197, 1209, 1212, 1215, 1218, 1223, 1245-1277, 1285, 1288-1289, 1291, 1294, 1303, 1306, 1316, 1326, 1329, 1332-1333, 1335, 1338, 1357, 1361, 1368-1369, 1374-1375, 1379, 1400, 1405-1490, 1494-1505, 1511, 1514, 1527->1554, 1531, 1534, 1542, 1557, 1589-1607, 1611-1649, 1680-1711, 1715-1741, 1745-1760, 1764-1773, 1777-1781, 1785-1832, 1836-1842, 1846-1852, 1856-1864, 1906-1908, 1913-1918, 1931->1937, 1940, 1945-1949, 1953-1967, 1971-1979, 1983-2004, 2008-2036, 2046, 2048-2049, 2051, 2053, 2121
src/siderea/clients/base.py                   57      3     12      4    90%   39, 44, 62, 66->95
src/siderea/clients/catalogs.py              116     15     34      8    81%   20, 25, 28, 53, 56->61, 68, 108, 112, 119-126
src/siderea/clients/tns.py                   132     23     52     13    77%   31, 38-44, 53->49, 64-65, 76, 85, 90-91, 108, 126, 157-161, 164, 194, 199, 201, 203
src/siderea/config.py                        282     32     90     28    84%   56, 81, 90, 96, 115, 118, 120, 124, 151, 153, 155, 180, 182, 184, 218, 225, 248, 301, 305, 317, 325, 332, 339, 346, 355, 361, 378-381, 383, 572
src/siderea/data/snapshot.py                  29      2      2      1    90%   32, 47
src/siderea/domain.py                        165     18     40     13    85%   25, 30, 97, 102, 104, 117, 151, 153, 160, 192, 194, 210, 212, 216, 240-243
src/siderea/evaluation.py                    111     17     40     13    80%   39, 41, 43, 45, 48-49, 54, 57, 102, 149-150, 157, 167, 169, 171, 173, 175
src/siderea/evidence_context.py               75     18     42     14    73%   22, 25, 27, 37, 40-41, 43, 46, 68, 79, 85, 87, 95-96, 100, 106, 108, 112
src/siderea/features/photometry.py           494     40    180     36    88%   73, 79, 85, 91, 93, 96, 98, 106-109, 120, 127, 132-135, 150, 155, 192-193, 202, 209, 239-245, 292, 296, 347, 538, 599, 623, 658, 673->675, 738->740, 746->748, 750->754, 752->754, 755->773, 768->773, 798, 800, 811, 972
src/siderea/followup.py                       57      7     20      7    82%   30, 61, 64, 92, 95, 98, 105
src/siderea/host.py                          153     24     64     21    78%   18, 20, 62, 65, 71, 77, 83, 129, 138, 176, 184, 279, 285, 287, 293, 296, 329, 357, 359, 370-373, 379
src/siderea/identity.py                      130     25     52     21    75%   37, 45-46, 48, 58, 60, 66, 69, 72, 76, 78, 81, 114, 165-166, 168, 179, 181, 183, 186, 194, 201, 204, 208, 213
src/siderea/ingest/alerce.py                 258     31    120     26    85%   76, 84, 87, 96, 99, 101, 107, 121, 144, 150->152, 159-167, 177->172, 179, 187-190, 222, 235-236, 279, 307, 313->277, 325, 332, 345, 381->380, 383, 437, 461->459
src/siderea/ingest/base.py                   110     20     46     18    76%   59, 62, 64, 68, 70, 72, 77, 79, 117, 120, 123-124, 126, 128, 130, 132, 134, 137, 144, 151
src/siderea/ingest/csv.py                    117     21     50     15    78%   42, 60-61, 77, 87, 131-132, 136, 148, 153, 157, 159, 163, 165, 167, 170-171, 173, 178, 182, 192
src/siderea/ingest/schema.py                 247     45    104     23    79%   76, 78, 105, 137, 141, 145, 158-175, 199-200, 203->214, 210-211, 257-258, 292, 294, 297, 299, 313-314, 338, 340, 352-353, 358-359, 391, 393, 451
src/siderea/ingest/snapshot.py                26      8     12      6    63%   31, 33, 36-37, 39, 41, 43, 45
src/siderea/integrity.py                     234     49    118     43    74%   37, 39, 86, 145, 151, 157, 160, 166, 168, 174, 176, 202, 221, 240, 252-253, 277, 279, 281, 283, 290, 294, 296, 304, 318, 323, 326, 372, 374, 376, 379, 381, 384, 386, 388, 395, 403, 406, 409-410, 418, 425, 432, 441, 451-452, 454, 475, 479
src/siderea/ledger.py                        420     46    158     41    85%   56, 76-77, 79, 84, 134, 137, 274, 303, 314-315, 530, 537, 571, 596, 600, 602, 619, 678, 684, 686, 689, 698, 702, 734, 804, 809, 813, 821, 842, 900, 902, 926, 943, 970, 973, 1011, 1049, 1084->1082, 1106, 1164-1165, 1167, 1213, 1270, 1272, 1274
src/siderea/manifest.py                      111      9     28      6    89%   26-27, 49-50, 82->90, 91, 170, 172, 185, 192
src/siderea/ml/baseline.py                   366     48    122     41    82%   88, 90, 92, 100, 102, 104, 122, 125, 186, 216, 221, 256, 275-277, 301-302, 304, 307, 310, 313, 334, 345, 347, 349, 351, 371, 373, 375, 379, 382, 401, 417, 422, 430, 433, 516, 536, 541-542, 548, 550, 561, 567, 577, 579, 589, 627
src/siderea/ml/dataset.py                    322     57    142     42    78%   72, 106-107, 119-120, 126-127, 135, 138-139, 149, 159-162, 168, 171, 183, 205, 213, 231, 234, 252, 264-269, 302, 306, 308, 327, 329, 333, 335, 340, 343, 354, 391, 510, 513, 519, 533, 536, 538, 540, 565, 567, 569, 574, 578, 580-581, 583, 586, 604, 615, 618
src/siderea/ml/evaluate.py                   145     20     48     16    79%   78, 86-90, 111, 118, 125, 136, 139, 168, 170, 172, 208, 221, 230, 276, 304, 309
src/siderea/ml/jepa.py                       282     48    122     45    77%   42, 44, 64, 70, 72, 79, 84, 109, 112, 127, 131, 185, 191, 193, 196, 200, 203, 229, 239-242, 253, 292, 294, 298, 300, 375, 377, 379, 386, 389, 391, 399, 402, 404, 412, 414, 451, 528, 531, 539, 557, 564, 566, 569, 575, 607
src/siderea/ml/train.py                      210     34     90     29    76%   48, 51-52, 61, 95, 99, 129, 131, 144, 146->exit, 160, 177-184, 211->218, 248-249, 260, 266, 268->274, 284->290, 299, 303, 329, 379, 401, 404, 410, 414->416, 419, 421, 424-425, 429
src/siderea/operations/assets.py             155     27     60     20    78%   39, 47-48, 50, 67, 70, 72, 76, 123, 127, 144, 150, 194-196, 207-208, 210, 222, 225, 227, 232, 236, 241, 257, 259, 264
src/siderea/operations/backup.py             193     35     94     29    76%   25, 27, 33, 53, 57, 59, 77, 80, 83, 86, 88, 93, 104-109, 137, 140, 144, 147, 151, 162, 164, 167, 171, 179, 182, 194, 197-198, 205, 212, 244, 249
src/siderea/operations/broker_store.py       180     24     42     17    82%   30, 147, 150, 155, 160-161, 163, 172, 179, 216, 221, 273, 304, 311, 314, 326-328, 343-344, 361, 363, 369, 387
src/siderea/operations/fixtures.py           151     26     52     14    80%   50, 75, 83-84, 86, 92, 133, 136, 140, 142, 144, 147-148, 202, 204, 207, 210-211, 214, 280-295, 302-303, 305
src/siderea/operations/observability.py      151     40     46     11    68%   31-32, 34, 123, 125, 154, 166, 189-211, 220-235, 259, 261, 279, 310, 314, 328
src/siderea/operations/qualification.py       46      6     16      6    81%   28, 30, 32, 36, 42, 54
src/siderea/operations/recovery.py            27      1      2      1    93%   22
src/siderea/pipeline.py                      366     37    116     31    86%   79, 81, 83, 85, 89, 124-125, 154, 159, 187, 189, 192, 204, 206, 208, 222, 224, 228, 233, 276, 294, 301-302, 304, 336, 352, 414, 441, 444, 480-481, 501->504, 512->514, 531, 587, 868, 890-892
src/siderea/promotion.py                     294     42     96     35    78%   35, 43-44, 46, 55, 136, 140, 143, 146, 149-188, 218, 221, 224, 227, 235, 252, 286, 288, 290, 301, 303, 311, 320, 325, 334, 376->389, 379->389, 381->389, 401->411, 402->411, 403->402, 413->427, 415->427, 443->450, 450->441, 491-492, 556-557
src/siderea/provenance.py                    193     32     96     30    79%   57, 90, 144, 147, 149, 151, 153, 155, 162, 169, 172, 175, 179, 183, 185, 191, 193, 197, 205-206, 208, 230, 232, 247, 250, 253, 291, 303, 305, 308, 313, 318
src/siderea/ranking.py                       125     15     42     15    82%   29, 32, 40, 45, 47, 49, 138, 140, 142, 144, 146, 149, 154, 157, 161
src/siderea/reporting/preflight.py           215     54    102     39    69%   39, 41, 44-45, 55, 58, 73, 76, 90, 93, 110, 115, 119, 124, 127, 130-131, 139, 142, 145, 151, 155, 157, 160, 165-166, 174, 176, 190, 201->199, 203-206, 234, 240-241, 258, 270-271, 280, 287, 292, 299, 300->305, 327, 332, 334, 338, 342, 355-356, 366, 369-373
src/siderea/research/benchmark.py            124     20     64     18    80%   20, 26, 29-30, 32, 74, 76, 79, 81, 87, 90, 94, 97, 100, 103, 112, 116, 122, 130, 155
src/siderea/research/cohort.py               223     34     78     30    79%   28, 30, 33-34, 36, 42, 48, 56, 58, 61, 63, 174-176, 191, 239, 270, 272, 274, 279, 292, 297, 305, 311, 314, 317, 320, 354, 363, 448, 451, 454, 463, 466, 476->478
src/siderea/research/injection.py            113     21     54     17    77%   20, 23-24, 26-27, 33, 65, 76, 82, 84, 86, 89, 91, 95, 98, 101, 104, 106, 109, 147-148
src/siderea/research/preregistration.py      167     40     56     25    70%   90, 95, 97, 103, 109, 112, 114, 120, 126, 129, 137-138, 140, 147, 158->161, 169, 171, 175, 180, 188, 193, 200, 205, 310, 346, 348, 351, 386-398, 407-408, 410
src/siderea/research/qualification.py        138     34     80     27    70%   25, 31, 34, 51, 55, 62, 65, 69, 76, 86, 92, 94, 96, 104, 107, 110, 117, 119, 121, 123-128, 135, 137, 151, 153, 175-176, 188, 204, 208
src/siderea/research/transients.py           244     31    110     27    84%   38, 42, 87, 95, 99, 106, 113, 117, 144, 176, 178, 186, 240-241, 244-245, 274, 290, 314, 316, 318, 320, 322, 326, 332, 336, 344, 349, 367-370
src/siderea/review/assembly.py               305     68    144     51    72%   58-63, 81, 87, 94, 96, 107, 109->126, 187, 193, 195, 197, 199, 205, 207, 213, 227, 233, 236-237, 239, 264, 270, 272, 276, 278, 282, 284, 289, 294, 296, 298, 323, 327, 337, 339-360, 362, 365, 386, 417, 463, 467, 505-507, 528, 531, 535, 539, 547, 559, 562, 579-581, 584, 599, 601, 612
src/siderea/review/dossier.py                 64      6     12      3    88%   50, 104, 106, 142-144
src/siderea/review/evidence.py                75      2     30      1    97%   17-18, 32->31
src/siderea/review/inspection.py             123      8     64      8    91%   48, 114, 125, 158, 169, 206, 212, 214
src/siderea/review/metrics.py                 63      5     20      4    89%   88->91, 96, 99, 101-102, 127
src/siderea/review/server.py                 271     49     72     11    81%   89, 136-148, 319, 322, 329, 383, 430-432, 444-467, 500, 504, 511-512, 514-516, 519-521, 537-540, 550-551, 624-638
src/siderea/scoring/heuristic.py             152      3     38      4    96%   70, 72, 78, 170->174
src/siderea/similarity.py                    126     13     56     11    87%   51, 66, 69, 76, 80, 116, 120, 141, 197, 203-204, 206, 212
src/siderea/state.py                          67     13     32      3    78%   87, 110, 138-145, 165, 200-201
src/siderea/validation/binding.py            262     58    150     45    73%   60, 63, 65, 67, 69, 71, 73, 75, 79, 81, 85, 90, 93, 97, 100, 103, 105, 107, 113, 116, 164, 170, 189-200, 211, 220, 223, 226-227, 229, 234, 237, 309, 312, 317, 326, 328, 343, 345, 358, 359->370, 365, 373-374, 376, 378, 415, 418, 424, 430
src/siderea/validation/catalog_policy.py      90     22     44     13    69%   51->49, 53, 68, 70, 74, 97, 108, 110-117, 119-126, 132-140, 146, 155-167, 190, 197-209
src/siderea/validation/gates.py               75      6     28      5    89%   51, 76, 110, 126-127, 150
src/siderea/validation/suite.py              131     21     54     19    78%   38, 55, 78, 86-87, 178, 182, 235, 238, 241, 249, 254, 256, 258, 260, 263, 266, 268, 271, 279, 281
--------------------------------------------------------------------------------------
TOTAL                                      10934   1862   4052   1183    78%

12 files skipped due to complete coverage.
Required test coverage of 70.0% reached. Total coverage: 78.35%
405 passed, 96 subtests passed in 77.65s (0:01:17)
.test-tmp/release-env/bin/python -m compileall -q src tests
